0 678.7649984381288 2.6198288797534692 91.601270622755 0.0 0.7071067811865475 0.0 0.7071067811865475
1 671.5006357011906 2.6198288797534692 -5.334913419334981 0.0 0.757971723145453 0.0 0.6522874112781211
2 649.8698213499213 2.6198288797534692 -100.1057032921469 0.0 0.8045977797666684 0.0 0.5938201855735017
3 614.355752033083 2.6198288797534692 -190.59407615393852 0.0 0.8467241992282842 0.0 0.5320320765153365
4 565.7517533739816 2.6198288797534692 -274.7786712825117 0.0 0.8841153935046098 0.0 0.46726862827306204
5 505.1435583869709 2.6198288797534692 -350.77894393355075 0.0 0.9165622558699761 0.0 0.39989202431974097
6 433.8850539960334 2.6198288797534692 -416.89717360270106 0.0 0.9438833303083676 0.0 0.33027906195516704
7 353.5680374381288 2.6198288797534692 -471.6563882962397 0.0 0.9659258262890682 0.0 0.2588190451025207
8 265.9866581432861 2.6198288797534692 -513.8333576447911 0.0 0.9825664732332882 0.0 0.18591160716291458
9 173.09733940107918 2.6198288797534692 -542.4859178484528 0.0 0.9937122098932425 0.0 0.1119644761033079
10 76.97507509723043 2.6198288797534692 -556.9740180592053 0.0 0.9993007047883985 0.0 0.03739119427632567
11 -20.23292222097272 2.6198288797534692 -556.9740180592053 0.0 0.9993007047883985 0.0 -0.03739119427632567
12 -116.35518652482148 2.6198288797534692 -542.4859178484528 0.0 0.9937122098932425 0.0 -0.1119644761033079
13 -209.2445052670284 2.6198288797534692 -513.8333576447911 0.0 0.9825664732332882 0.0 -0.18591160716291458
14 -296.8258845618711 2.6198288797534692 -471.6563882962397 0.0 0.9659258262890682 0.0 -0.2588190451025207
15 -377.14290111977584 2.6198288797534692 -416.89717360270106 0.0 0.9438833303083675 0.0 -0.33027906195516715
16 -448.4014055107131 2.6198288797534692 -350.77894393355075 0.0 0.9165622558699762 0.0 -0.3998920243197409
17 -509.0096004977239 2.6198288797534692 -274.7786712825117 0.0 0.8841153935046098 0.0 -0.46726862827306204
18 -557.6135991568253 2.6198288797534692 -190.59407615393852 0.0 0.8467241992282842 0.0 -0.5320320765153365
19 -593.1276684736636 2.6198288797534692 -100.1057032921469 0.0 0.8045977797666684 0.0 -0.5938201855735017
20 -614.7584828249329 2.6198288797534692 -5.334913419335123 0.0 0.757971723145453 0.0 -0.6522874112781211
21 -622.0228455618711 2.6198288797534692 91.601270622755 0.0 0.7071067811865475 0.0 -0.7071067811865475
